0.073 64 473 0.00263 368
0.086 56 666 0.00370 518
0.099 48 877 0.00487 682
0.112 40 1090 0.00604 846
0.125 40 1430 0.00796 1110
0.138 32 1640 0.00909 1270
0.164 32 2520 0.0140 1960
0.190 24 3150 0.0175 2450
0.250 20 5730 0.0318 4450
0.3125 18 9440 0.0524 7340
0.375 16 13900 0.0775 10800
0.4375 14 19100 0.1063 14900
0.500 13 25500 0.1419 19900
0.625 11 38400 0.226 30500
0.750 10 56800 0.334 45100
0.875 9 78500 0.462 62400
1.000 8 103000 0.606 81800
1.125 7 129000 0.763 103000
1.250 7 165000 0.969 131000
1.375 6 196000 1.155 156000
1.500 6 239000 1.405 190000
1.750 5 323000 1.90 256000
2.000 4.5 425000 2.50 338000
2.250 4.5 552000 3.25 439000
2.500 4 680000 4.00 540000
2.750 4 838000 4.93 666000
3.000 4 1010000 5.97 806000
3.250 4 1210000 7.10 958000
3.500 4 1420000 8.33 1120000
3.750 4 1640000 9.66 1300000
4.000 4 1880000 11.08 1500000

0.060 80 324 0.00180 252
0.073 72 500 0.00278 389
0.086 64 709 0.00394 552
0.099 56 941 0.00523 732
0.112 48 1190 0.00661 925
0.125 44 1490 0.00830 1160
0.138 40 1830 0.01015 1420
0.164 36 2650 0.01474 2060
0.190 32 3600 0.0200 2800
0.250 28 6500 0.0364 5100
0.3125 24 10400 0.0580 8120
0.375 24 15800 0.0878 12300
0.4375 20 21400 0.1187 16600
0.500 20 28800 0.1599 22400
0.625 18 43500 0.256 34600
0.750 16 63400 0.373 50400
0.875 14 86500 0.509 68700
1.000 12 113000 0.663 89500
1.125 12 146000 0.856 116000
1.250 12 182000 1.073 145000
1.375 12 224000 1.315 178000
1.500 12 269000 1.581 213000